----------------- NORMAL -----------------
0.00011499971151351929
0.00018200022168457508
7.800001185387373e-05
6.299989763647318e-05
7.299997378140688e-05
0.00019499973859637976
0.00019799976143985987
0.0001939997309818864
0.00019799976143985987
0.0003300001844763756
----------------- XOR -----------------
0.03312600019853562
0.0659750000340864
0.044980000238865614
0.03933899977710098
0.03342700016219169
0.03244499966967851
0.04322000022511929
0.03485599998384714
0.035391999990679324
0.05069300008472055
----------------- AES-GCM -----------------
0.3041180002037436
0.25223699980415404
0.22753899975214154
0.24199699983000755
0.21845699986442924
0.24289100023452193
0.2526129997568205
0.2281980001134798
0.2292469999520108
0.22999799984972924
----------------- AES-GCM-ASSOC -----------------
0.31307299970649183
0.4844700003741309
0.3699590003816411
0.27645999973174185
0.23723799968138337
0.26213100005406886
0.23467999999411404
0.23733100038953125
0.35455300007015467
0.24199899984523654
----------------- AES-CTR -----------------
0.06270699959713966
0.0532779999775812
0.051688000094145536
0.06452700006775558
0.039545000181533396
0.04546899988781661
0.05953499989118427
0.04129599954467267
0.046375999809242785
0.0613529997644946
----------------- CHACHA20 -----------------
0.05762999993748963
0.0366250000661239
0.025745000457391143
0.023459999938495457
0.022391999955289066
0.022994999890215695
0.03684900002554059
0.02766599995084107
0.02590999996755272
0.024656999739818275
----------------- ASCON -----------------
2.668985999771394
2.737431999994442
2.6708649995271116
2.7036369999404997
2.5952749996213242
2.6422410004306585
2.588226000079885
2.7131589996861294
2.585574999684468
2.7539969998179004
----------------- SIGNED -----------------
0.01564407348632812
0.01569628715515136
0.03130245208740234
0.01564502716064453
0.01565837860107422
0.03330349922180176
0.01564097404479980
0.01718926429748535
0.03388452529907226
0.03128385543823242
----------------- NORMAL -----------------
7.063299999572336e-05
7.61894000461325e-05
6.85075000510551e-05
7.049959996948019e-05
6.0751900018658486e-05
8.275970001704991e-05
6.418079999275505e-05
6.841509998776019e-05
6.631019996711984e-05
8.237909997114912e-05
----------------- XOR -----------------
0.035050899954512715
0.038320799998473376
0.03706629999214783
0.035944600007496774
0.03697940002894029
0.038168200000654906
0.03884569997899234
0.04293070000130683
0.03730490000452846
0.0372308999649249
----------------- AES-GCM -----------------
0.197864199988544
0.19890239997766912
0.1979367000167258
0.20602429995778948
0.20347160001983866
0.21030689997132868
0.19781709997914732
0.19645610003499314
0.1954449000186287
0.19855660002212971
----------------- AES-GCM-ASSOC -----------------
0.2065430000075139
0.21348229999421164
0.20721700001740828
0.2061270999838598
0.20783680002205074
0.2109381000045687
0.20621819997904822
0.2052150999661535
0.20696660003159195
0.2049484999733977
----------------- AES-CTR -----------------
0.03889790002722293
0.039845599967520684
0.04162560001714155
0.0403844999964349
0.03935640002600849
0.040079600003082305
0.040315199992619455
0.03938410000409931
0.04371439997339621
0.039990700024645776
----------------- CHACHA20 -----------------
0.019950799993239343
0.021540499990805984
0.019218300003558397
0.018662599963136017
0.019960899953730404
0.019510699959937483
0.018465000030118972
0.019436299975495785
0.018302000011317432
0.01974100002553314
----------------- ASCON -----------------
3.041076899971813
3.11406240001088
3.0241513999644667
2.8825145000009798
2.9535405000206083
3.0558889000094496
2.9206139000016265
2.8924690999556333
2.936895499995444
3.0441532999975607
----------------------------------
